PROCEDIMIENTO DE OBTENCIÓN DE LOS CAMINOS PRIMOS.

Se comienza listando los caminos de longitud 0 y luego se procede a expandir éstos caminos simepre que se pueda, se debe tener en cuenta que si tengo un camino P, éste puede expandirse a un nodo n siempre que n no se encuentre en el camino P o sólo se encuentre en la primera posición del camino, es decir forme un ciclo perfecto.

#----- Length 0 -----#
0) [0]
1) [1]
2) [2]
3) [3]
4) [4]
5) [5]
6) [6]
7) [7]
8) [8]
9) [9]
10) [10]
11) [11]
12) [12]
13) [13] !	(Éste camino ya no puede expandirse porque llegó a un nodo final, no hay aristas que salgan de él hascia algún otro nodo)

#----- Length 1 -----#
14) [0,1]
15) [1,2]
16) [1,10]
17) [2,3]
18) [3,4]
19) [3,7]
20) [4,5]
21) [4,6]
22) [5,3]
23) [6,7]
24) [7,8]
25) [7,9]
26) [8,9]
27) [9,1]
28) [10,11]
29) [11,12]
30) [11,13] !	(No puede expandirse,posible camino primo)
31) [12,11]		

#----- Length 2 -----#
32) [0,1,2]
33) [0,1,10]
34) [1,2,3]
35) [1,10,11]
36) [2,3,4]
37) [2,3,7]
38) [3,4,5]
39) [3,4,6]
40) [3,7,8]
41) [3,7,9]
42) [4,5,3]
43) [4,6,7]
44) [5,3,4]
45) [5,3,7]
46) [6,7,8]
47) [6,7,9]
48) [7,8,9]
49) [7,9,1]
50) [8,9,1]
51) [9,1,2]
52) [9,1,10]
53) [10,11,12] !!	(No puede expandirse, )
54) [10,11,13] !
55) [11,12,11] *	(Conseguimos un cíclo, éste camino ya)
56) [12,11,13] !	

#----- Length 3 -----#
57) [0,1,2,3]
58) [0,1,10,11]
59) [1,2,3,4]
60) [1,2,3,7]
61) [1,10,11,12] !!
62) [1,10,11,13] !
63) [2,3,4,5] !!
64) [2,3,4,6]
65) [2,3,7,8]
66) [2,3,7,9]
67) [3,4,5,3] *
68) [3,4,6,7]
69) [3,7,8,9]
70) [3,7,9,1]
71) [4,5,3,4] *
72) [4,5,3,7]
73) [4,6,7,8]
74) [4,6,7,9]
75) [5,3,4,5] *
76) [5,3,4,6]
77) [5,3,7,8]
78) [5,3,7,9]
79) [6,7,8,9]
80) [6,7,9,1]
81) [7,8,9,1]
82) [7,9,1,2]
83) [7,9,1,10]
84) [8,9,1,2]
85) [8,9,1,10]
86) [9,1,2,3]
87) [9,1,10,11]		

#----- Length4 -----#
88) [0,1,2,3,4]
89) [0,1,2,3,7]
90) [0,1,10,11]
91) [0,1,10,11,12] !!
92) [0,1,10,11,13] !
93) [1,2,3,4,5] !
94) [1,2,3,4,6]
95) [1,2,3,7,8]
96) [1,2,3,7,9]
97) [2,3,4,6,7]
98) [2,3,7,8,9]
99) [2,3,7,9,1]
100) [3,4,6,7,8]
101) [3,4,6,7,9]
102) [3,7,8,9,1]
103) [3,7,9,1,2]
104) [3,7,9,1,10]
105) [4,5,3,7,8]
106) [4,5,3,7,9]
107) [4,6,7,9,1]
108) [5,3,4,6,7]
109) [5,3,7,8,9]
110) [5,3,7,9,1]
111) [6,7,8,9,1]
112) [6,7,9,1,2]
113) [6,7,9,1,10]
114) [7,8,9,1,2]
115) [7,8,9,1,10]
116) [7,9,1,2,3]
117) [7,9,1,10,11]
118) [8,9,1,2,3]
119) [8,9,1,10,11]
120) [9,1,2,3,4]
121) [9,1,2,3,7]
122) [9,1,10,11,12] !!
123) [9,1,10,11,13] ! 	

#----- Length 5 -----#
124) [0,1,2,3,4,5] !!
125) [0,1,2,3,4,6]
126) [0,1,2,3,7,8]
127) [0,1,2,3,7,9] !!
128) [1,2,3,4,6,7]
129) [1,2,3,7,8,9]
130) [1,2,3,7,9,1] *
131) [2,3,4,6,7,8]
132) [2,3,4,6,7,9]
133) [2,3,7,8,9,1]
134) [2,3,7,9,1,2] *
135) [2,3,7,9,1,10]
136) [3,4,6,7,8,9]
137) [3,4,6,7,9,1]
138) [3,7,8,9,1,2]
139) [3,7,8,9,1,10]
140) [3,7,9,1,2,3] *
141) [3,7,9,1,10,11]
142) [4,5,3,7,8,9]
143) [4,5,3,7,9,1]
144) [4,6,7,9,1,2]
145) [4,6,7,9,1,10]
146) [5,3,4,6,7,8]
147) [5,3,4,6,7,9]
148) [5,3,7,8,9,1]
149) [5,3,7,9,1,2] !!
150) [5,3,7,9,1,10]
151) [6,7,8,9,1,2]
152) [6,7,8,9,1,10]
153) [6,7,9,1,2,3]
154) [6,7,9,1,10,11]
155) [7,8,9,1,2,3]
156) [7,8,9,1,10,11]
157) [7,9,1,2,3,4]
158) [7,9,1,2,3,7] *
159) [7,9,1,10,11,12] !!
160) [7,9,1,10,11,13] !
161) [8,9,1,2,3,4] 
162) [8,9,1,2,3,7] 
163) [8,9,1,10,11,12] !!
164) [8,9,1,10,11,13] !
165) [9,1,2,3,4,5] !!
166) [9,1,2,3,4,6]
167) [9,1,2,3,7,8]
168) [9,1,2,3,7,9] *		

#----- Length 6 -----#
169) [0,1,2,3,4,6,7]
170) [0,1,2,3,7,8,9]
171) [1,2,3,4,6,7,8]
172) [1,2,3,4,6,7,9] !!
173) [1,2,3,7,8,9,1] *
174) [2,3,4,6,7,8,9]
175) [2,3,4,6,7,9,1]
176) [2,3,7,8,9,1,2] *
177) [2,3,7,8,9,1,10] 
178) [2,3,7,9,1,10,11]
179) [3,4,6,7,8,9,1]
180) [3,4,6,7,9,1,2]
181) [3,4,6,7,9,1,10]
182) [3,7,8,9,1,2,3] *
183) [3,7,8,9,1,10,11]
184) [3,7,9,1,10,11,12] !!
185) [3,7,9,1,10,11,13] !
186) [4,5,3,7,8,9,1]
187) [4,5,3,7,9,1,2] !!
188) [4,5,3,7,9,1,10]
189) [4,6,7,9,1,2,3]
190) [4,6,7,9,1,10,11]
191) [5,3,4,6,7,8,9]
192) [5,3,4,6,7,9,1]
193) [5,3,7,8,9,1,2] !!
194) [5,3,7,8,9,1,10]
195) [5,3,7,9,1,10,11]
196) [6,7,8,9,1,2,3]
197) [6,7,8,9,1,10,11]
198) [6,7,9,1,2,3,4]
199) [6,7,9,1,10,11,12] !!
200) [6,7,9,1,10,11,13] !
201) [7,8,9,1,2,3,4]
202) [7,8,9,1,2,3,7] *
203) [7,8,9,1,10,11,12] !!
204) [7,8,9,1,10,11,13] !
205) [7,9,1,2,3,4,5] !!
206) [7,9,1,2,3,4,6]
207) [8,9,1,2,3,4,5] !!
208) [8,9,1,2,3,4,6] 
209) [8,9,1,2,3,7,8] * 
210) [9,1,2,3,4,6,7]
211) [9,1,2,3,7,8,9] *		

#----- Length 7 -----#
212) [0,1,2,3,4,6,7,8]
213) [0,1,2,3,4,6,7,9] !
214) [1,2,3,4,6,7,8,9] 
215) [1,2,3,4,6,7,9,1] *
216) [2,3,4,6,7,8,9,1]
217) [2,3,4,6,7,9,1,2] *
218) [2,3,4,6,7,9,1,10]
219) [2,3,7,8,9,1,10,11] 
220) [2,3,7,9,1,10,11,12] !!
221) [2,3,7,9,1,10,11,13] !
222) [3,4,6,7,8,9,1,2]
223) [3,4,6,7,8,9,1,10]
224) [3,4,6,7,9,1,2,3] *
225) [3,4,6,7,9,1,10,11]
226) [3,7,8,9,1,10,11,12] !!
227) [3,7,8,9,1,10,11,13] !
228) [4,5,3,7,8,9,1,2]
229) [4,5,3,7,8,9,1,10]
230) [4,5,3,7,9,1,10,11]
231) [4,6,7,9,1,2,3,4] *
232) [4,6,7,9,1,10,11,12] !!
233) [4,6,7,9,1,10,11,13] !
234) [5,3,4,6,7,8,9,1]
235) [5,3,4,6,7,9,1,2] !!
236) [5,3,4,6,7,9,1,10]
237) [5,3,7,8,9,1,10,11]
238) [5,3,7,9,1,10,11,12] !!
239) [5,3,7,9,1,10,11,13] !
240) [6,7,8,9,1,2,3,4]
241) [6,7,8,9,1,10,11,12] !!
242) [6,7,8,9,1,10,11,13] !
243) [6,7,9,1,2,3,4,5] !!
244) [6,7,9,1,2,3,4,6] *
245) [7,8,9,1,2,3,4,5] !!
246) [7,8,9,1,2,3,4,6] 
247) [7,9,1,2,3,4,6,7] *
248) [8,9,1,2,3,4,6,7]  
250) [9,1,2,3,4,6,7,8]		

#----- Length 8 -----#
251) [0,1,2,3,4,6,7,8,9] !!
252) [1,2,3,4,6,7,8,9,1] * 
253) [2,3,4,6,7,8,9,1,2] *
254) [2,3,4,6,7,8,9,1,10]
255) [2,3,4,6,7,9,1,10,11]
256) [2,3,7,8,9,1,10,11,12] !! 
257) [2,3,7,8,9,1,10,11,13] ! 
258) [3,4,6,7,8,9,1,2,3] *
259) [3,4,6,7,8,9,1,10,11]
260) [3,4,6,7,9,1,10,11,12] !!
261) [3,4,6,7,9,1,10,11,13] !
262) [4,5,3,7,8,9,1,2,3]
263) [4,5,3,7,8,9,1,10,11]
264) [4,5,3,7,9,1,10,11,12] !!
265) [4,5,3,7,9,1,10,11,13] !
266) [5,3,4,6,7,8,9,1,2] !!
267) [5,3,4,6,7,8,9,1,10]
268) [5,3,4,6,7,9,1,10,11] 
269) [5,3,7,8,9,1,10,11,12] !!
270) [5,3,7,8,9,1,10,11,13] !
271) [6,7,8,9,1,2,3,4,5] !
272) [6,7,8,9,1,2,3,4,6] *
273) [7,8,9,1,2,3,4,6,7] * 
249) [8,9,1,2,3,4,6,7,8] *
274) [9,1,2,3,4,6,7,8,9] *		

#----- Length 9 -----#
275) [2,3,4,6,7,8,9,1,10,11]
276) [2,3,4,6,7,9,1,10,11,12] !!
277) [2,3,4,6,7,9,1,10,11,13] !
278) [3,4,6,7,8,9,1,10,11,12] !!
279) [3,4,6,7,8,9,1,10,11,13] !
280) [4,5,3,7,8,9,1,2,3,4]*
281) [4,5,3,7,8,9,1,10,11,12] !!
282) [4,5,3,7,8,9,1,10,11,13] !
283) [5,3,4,6,7,8,9,1,10,11]
284) [5,3,4,6,7,9,1,10,11,12] !!
285) [5,3,4,6,7,9,1,10,11,13] !  	

#----- Length 10 -----#
286) [2,3,4,6,7,8,9,1,10,11,12] !!
287) [2,3,4,6,7,8,9,1,10,11,13] !
288) [5,3,4,6,7,8,9,1,10,11,12] !!
289) [5,3,4,6,7,8,9,1,10,11,13] !


@------------------- Posibles primos -------------------@ 
Aquí se listan los posibles caminos primos, ahora solo 
resta buscar aquellos que no están incluidos en ningún
otro camino, para poder agregarlos a la lista de caminos 
primos 

13) [13] !			está incluido en 30
30) [11,13] !		está incluido en 56
53) [10,11,12] !!	está incluido en 61
54) [10,11,13] !	está incluido en 62
56) [12,11,13] !	
61) [1,10,11,12] !!		está incluido en 91
62) [1,10,11,13] !		está incluido en 92
63) [2,3,4,5] !!		está incluido en 93
91) [0,1,10,11,12] !!
92) [0,1,10,11,13] !
93) [1,2,3,4,5] !		está incluido en 124
122) [9,1,10,11,12] !!	está incluido en 159
123) [9,1,10,11,13] ! 	está incluido en 160
124) [0,1,2,3,4,5] !!
127) [0,1,2,3,7,9] !!
149) [5,3,7,9,1,2] !!	está incluido en 187
159) [7,9,1,10,11,12] !!	está incluido en 184
160) [7,9,1,10,11,13] !		está incluido en 185
163) [8,9,1,10,11,12] !!	está incluido en 203
164) [8,9,1,10,11,13] !		está incluido en 204
165) [9,1,2,3,4,5] !!		está incluido en 205
172) [1,2,3,4,6,7,9] !!		está incluido en 213
184) [3,7,9,1,10,11,12] !!	está incluido en 220
185) [3,7,9,1,10,11,13] !	está incluido en 221
187) [4,5,3,7,9,1,2] !!
193) [5,3,7,8,9,1,2] !!		está incluido en 281
199) [6,7,9,1,10,11,12] !!	está incluido en 232
200) [6,7,9,1,10,11,13] !	está incluido en 233
203) [7,8,9,1,10,11,12] !!	está incluido en 226
204) [7,8,9,1,10,11,13] !	está incluido en 227
205) [7,9,1,2,3,4,5] !!		está incluido en 243
207) [8,9,1,2,3,4,5] !!		está incluido en 245
213) [0,1,2,3,4,6,7,9] !
220) [2,3,7,9,1,10,11,12] !!
221) [2,3,7,9,1,10,11,13] !
226) [3,7,8,9,1,10,11,12] !!	está incluido en 256
227) [3,7,8,9,1,10,11,13] !		está incluido en 257
232) [4,6,7,9,1,10,11,12] !!	está incluido en 260
233) [4,6,7,9,1,10,11,13] !		está incluido en 261
235) [5,3,4,6,7,9,1,2] !!
238) [5,3,7,9,1,10,11,12] !!	está incluido en 264
239) [5,3,7,9,1,10,11,13] !		está incluido en 265
241) [6,7,8,9,1,10,11,12] !!	está incluido en 278
242) [6,7,8,9,1,10,11,13] !		está incluido en 279
243) [6,7,9,1,2,3,4,5] !!
245) [7,8,9,1,2,3,4,5] !!		está incluido en 271
248) [8,9,1,2,3,4,6,7] !!		está incluido en 275
251) [0,1,2,3,4,6,7,8,9] !!
256) [2,3,7,8,9,1,10,11,12] !! 
257) [2,3,7,8,9,1,10,11,13] ! 
260) [3,4,6,7,9,1,10,11,12] !!	está incluido en 276
261) [3,4,6,7,9,1,10,11,13] !	está incluido en 277
264) [4,5,3,7,9,1,10,11,12] !!
265) [4,5,3,7,9,1,10,11,13] !
266) [5,3,4,6,7,8,9,1,2] !!
269) [5,3,7,8,9,1,10,11,12] !!	está incluido en 281
270) [5,3,7,8,9,1,10,11,13] !	está incluido en 282
271) [6,7,8,9,1,2,3,4,5] !
276) [2,3,4,6,7,9,1,10,11,12] !!
277) [2,3,4,6,7,9,1,10,11,13] !
278) [3,4,6,7,8,9,1,10,11,12] !! 	está incluido en 286
279) [3,4,6,7,8,9,1,10,11,13] !		está incluido en 287
281) [4,5,3,7,8,9,1,10,11,12] !!
282) [4,5,3,7,8,9,1,10,11,13] !
284) [5,3,4,6,7,9,1,10,11,12] !!
285) [5,3,4,6,7,9,1,10,11,13] !  	
286) [2,3,4,6,7,8,9,1,10,11,12] !!
287) [2,3,4,6,7,8,9,1,10,11,13] !
288) [5,3,4,6,7,8,9,1,10,11,12] !!
289) [5,3,4,6,7,8,9,1,10,11,13] !

Cíclos (Los cíclos ya son caminos primos)
55) [11,12,11] *
67) [3,4,5,3] *
71) [4,5,3,4] *
75) [5,3,4,5] *
132) [1,2,3,7,9,1] *
136) [2,3,7,9,1,2] *
142) [3,7,9,1,2,3] *
160) [7,9,1,2,3,7] *
170) [9,1,2,3,7,9] *		
175) [1,2,3,7,8,9,1] *
178) [2,3,7,8,9,1,2] *
184) [3,7,8,9,1,2,3] *
204) [7,8,9,1,2,3,7] *
211) [8,9,1,2,3,7,8] * 
213) [9,1,2,3,7,8,9] *		
217) [1,2,3,4,6,7,9,1] *
219) [2,3,4,6,7,9,1,2] *
226) [3,4,6,7,9,1,2,3] *
233) [4,6,7,9,1,2,3,4] *
246) [6,7,9,1,2,3,4,6] *
249) [7,9,1,2,3,4,6,7] *
251) [8,9,1,2,3,4,6,8] * 
254) [1,2,3,4,6,7,8,9,1] * 
255) [2,3,4,6,7,8,9,1,2] *
260) [3,4,6,7,8,9,1,2,3] *
274) [6,7,8,9,1,2,3,4,6] *
275) [7,8,9,1,2,3,4,6,7] * 
276) [9,1,2,3,4,6,7,8,9] *		
282) [4,5,3,7,8,9,1,2,3,4] *


!!!!!!!!!!!!!!!!!!!!!!!!!###############!!!!!!!!!!!!!!!!!!

ENTONCES: CAMINOS PRIMOS...

56) [12,11,13] !
91) [0,1,10,11,12] !!
92) [0,1,10,11,13] !
124) [0,1,2,3,4,5] !!
127) [0,1,2,3,7,9] !!
187) [4,5,3,7,9,1,2] !!
213) [0,1,2,3,4,6,7,9] !
220) [2,3,7,9,1,10,11,12] !!
221) [2,3,7,9,1,10,11,13] !
235) [5,3,4,6,7,9,1,2] !!
243) [6,7,9,1,2,3,4,5] !!
251) [0,1,2,3,4,6,7,8,9] !!
256) [2,3,7,8,9,1,10,11,12] !! 
257) [2,3,7,8,9,1,10,11,13] ! 
264) [4,5,3,7,9,1,10,11,12] !!
265) [4,5,3,7,9,1,10,11,13] !
266) [5,3,4,6,7,8,9,1,2] !!
271) [6,7,8,9,1,2,3,4,5] !
276) [2,3,4,6,7,9,1,10,11,12] !!
277) [2,3,4,6,7,9,1,10,11,13] !
281) [4,5,3,7,8,9,1,10,11,12] !!
282) [4,5,3,7,8,9,1,10,11,13] !
284) [5,3,4,6,7,9,1,10,11,12] !!
285) [5,3,4,6,7,9,1,10,11,13] !  	
286) [2,3,4,6,7,8,9,1,10,11,12] !!
287) [2,3,4,6,7,8,9,1,10,11,13] !
288) [5,3,4,6,7,8,9,1,10,11,12] !!
289) [5,3,4,6,7,8,9,1,10,11,13] !
55) [11,12,11] *
67) [3,4,5,3] *
71) [4,5,3,4] *
75) [5,3,4,5] *
132) [1,2,3,7,9,1] *
136) [2,3,7,9,1,2] *
142) [3,7,9,1,2,3] *
160) [7,9,1,2,3,7] *
170) [9,1,2,3,7,9] *		
175) [1,2,3,7,8,9,1] *
178) [2,3,7,8,9,1,2] *
184) [3,7,8,9,1,2,3] *
204) [7,8,9,1,2,3,7] *
211) [8,9,1,2,3,7,8] * 
213) [9,1,2,3,7,8,9] *		
217) [1,2,3,4,6,7,9,1] *
219) [2,3,4,6,7,9,1,2] *
226) [3,4,6,7,9,1,2,3] *
233) [4,6,7,9,1,2,3,4] *
246) [6,7,9,1,2,3,4,6] *
249) [7,9,1,2,3,4,6,7] *
251) [8,9,1,2,3,4,6,8] * 
254) [1,2,3,4,6,7,8,9,1] * 
255) [2,3,4,6,7,8,9,1,2] *
260) [3,4,6,7,8,9,1,2,3] *
274) [6,7,8,9,1,2,3,4,6] *
275) [7,8,9,1,2,3,4,6,7] * 
276) [9,1,2,3,4,6,7,8,9] *		
282) [4,5,3,7,8,9,1,2,3,4] *







-_-_-_-_-_-_-_-_-_-_-_-_-_-_-_-_-_-_-_-_-_-_

\|92) [0,1,10,11,13] !
\|221) [2,3,7,9,1,10,11,13] !
\|257) [2,3,7,8,9,1,10,11,13] ! 
\|277) [2,3,4,6,7,9,1,10,11,13] !
\|287) [2,3,4,6,7,8,9,1,10,11,13] !
\|265) [4,5,3,7,9,1,10,11,13] !
\|282) [4,5,3,7,8,9,1,10,11,13] !
\|285) [5,3,4,6,7,9,1,10,11,13] !  	
\|289) [5,3,4,6,7,8,9,1,10,11,13] !
\| estos [10,11,13] caminos no se van a poder cumplir porque el for 11
siempre entra al menos na vez a 12

||248) [8,9,1,2,3,4,6,7,8] * 
||251) [0,1,2,3,4,6,7,8,9] !!
||254) [1,2,3,4,6,7,8,9,1] * 
||255) [2,3,4,6,7,8,9,1,2] *
||286) [2,3,4,6,7,8,9,1,10,11,12] !!
||260) [3,4,6,7,8,9,1,2,3] *
||266) [5,3,4,6,7,8,9,1,2] !!
||288) [5,3,4,6,7,8,9,1,10,11,12] !!
||271) [6,7,8,9,1,2,3,4,5] !
||274) [6,7,8,9,1,2,3,4,6] *
||276) [9,1,2,3,4,6,7,8,9] *		
|| estos [6,7,8] caminos no se pueden cumplir porque en el nodo 6 eliminamos
cualquier posibilidad de ir desde 7 a 8.

\\127) [0,1,2,3,7,9] !!
\\132) [1,2,3,7,9,1] *
\\175) [1,2,3,7,8,9,1] *
\\220) [2,3,7,9,1,10,11,12] !!
\\256) [2,3,7,8,9,1,10,11,12] !! 
\\136) [2,3,7,9,1,2] *
\\178) [2,3,7,8,9,1,2] *
\\160) [7,9,1,2,3,7] *
\\204) [7,8,9,1,2,3,7] *
\\211) [8,9,1,2,3,7,8] * 
\\170) [9,1,2,3,7,9] *		
\\213) [9,1,2,3,7,8,9] *		
\\ estos [2,3,7] caminos no se pueden complir porque: en 2 "i = 0" en 3 
pregunto "i<= numPrimes -1" Pero numPrime siempre tiene 1 o más por bloque 0

/|276) [2,3,4,6,7,9,1,10,11,12] !!
/|284) [5,3,4,6,7,9,1,10,11,12] !!
/| estos [6,7,9,1,10] no pueden cubrirse porque para ir de 1 a 10 necesitaría
modificar numPrimes en 6,7 o 9 y esto no ocurre

#|142) [3,7,9,1,2,3] *
#|187) [4,5,3,7,9,1,2] !!
#|264) [4,5,3,7,9,1,10,11,12] !!
#| estos caminos [3,7,9] no pueden cumplirse ya que cada vez que se sale del 
for a través del nodo 3 es porque se analizaron todos los elementos en el 
arreglo y no se logró dividir al numero analizado, entonces éste numero que 
se está analizando es primo, por lo tanto no se va a ir de 7 a 9 sino que se va de 7 a 8

@|213) [0,1,2,3,4,6,7,9] !
@| este camino no puede cumplirse, porque cada vez que entra al while desde el
inicio del programa realiza el siguiente recorrido debido a que el numero 
3 es primo: [0,1,2,3,4,5,3,7,8]

Entonces solo quedan analizar los siguientes caminos primos 

-55) [11,12,11] *
-56) [12,11,13] !
-91) [0,1,10,11,12] !!
-124) [0,1,2,3,4,5] !!
-281) [4,5,3,7,8,9,1,10,11,12] !!
-67) [3,4,5,3] *

-282) [4,5,3,7,8,9,1,2,3,4] *
-233) [4,6,7,9,1,2,3,4] *
-71) [4,5,3,4] *
-75) [5,3,4,5] *
-243) [6,7,9,1,2,3,4,5] !!
-275) [7,8,9,1,2,3,4,6,7] * 
-217) [1,2,3,4,6,7,9,1] *
-219) [2,3,4,6,7,9,1,2] *
-184) [3,7,8,9,1,2,3] *
-226) [3,4,6,7,9,1,2,3] *

-235) [5,3,4,6,7,9,1,2] !!
-246) [6,7,9,1,2,3,4,6] *
-249) [7,9,1,2,3,4,6,7] *

-
T1 n = -1
T1 path [0,1,10,11,12,11,13]

Cubro 55,56,91

-
T2 n = 2
T2 path [0,1,2,3,4,5,3,7,8,9,1,10,11,12,11,12,11,13]
Cubre 67,124,281

-
T3 n = 3
T3 path [0,1,2,3,4,5,3,7,8,9,1,2,3,4,6,7,9,1,2,3,4,5,3,4,5,3,7,8
		,9,1,10,11,12,11,12,11,12,11,13]

Cubre 71,75,184,217,219,226,233,243,275,282

-
T4 n = 5
T4 path [0,1,2,3,4,5,3,7,8,9,1,2,3,4,6,7,9,1,2,3,4,5,3,4,5,3,7,8
		,9,1,2,3,4,6,7,9,1,2,3,4,5,3,4,5,3,4,5,3,7,8,9,1,2,3,4,6
		,7,9,1,2,3,4,5,3,4,6,7,9,1,2,3,4,6,7,9,1,2,3,4,5,3,4,5,3
		,4,5,3,4,5,3,7,8,9,1,10,11,12,11,12,11,12,11,12,11,12,11,13]

Cubre 249,246,235,

